199
200
279
53
203
233
87
197
71
257
90
286
205
220
207
253
50
216
165
214
198
226
72
221
73
280
247
276
213
3
290
212
52
206
225
294
217
288
211
210
223
204
26
2
209
284
232
296
5
93
7
314
231
249
1
292
306
262
289
285
11
6
261
85
224
14
298
27
297
13
208
302
8
9
310
281
291
30
300
17
84
15
49
77
33
312
29
115
117
18
40
293
246
239
189
190
46
273
28
202
191
192
24
301
32
219
305
60
304
193
10
184
172
236
23
188
34
45
308
35
201
264
19
283
234
254
313
78
255
61
271
243
25
269
80
158
275
65
173
274
119
76
282
263
244
270
130
36
230
185
215
256
21
110
20
194
69
113
0
70
121
22
107
228
105
309
139
268
229
187
307
267
98
123
156
118
111
114
55
186
153
183
64
250
108
235
44
67
266
237
195
95
155
242
278
240
58
295
103
277
